
trie1: 0.027926
bankersq1: maxed
bankersq2: 0.123481
batchedq1: 0.018248
batchedq2: 0.042650
leftisthp1: maxed
leftisthp2: 0.895818
rbset1: maxed
rbset2: 1.268713
uniquel1: 0.019549
uniquel2: 0.019216
splayhp1: 0.021346
splayhp2: 0.328271
splayhp3: 0.149672
stream1: 0.021156
stream2: 0.070586
stream3: 0.024173
customstk1: 0.018485
customstk2: cex
customstk3: 0.169262
customstk4: cex
unbset1: 0.021050
unbset2: 0.023219
unbset3: 0.314104
unbset4: cex
